[Lenna.png]
moddate=0000f55a45cf0000
width=640
height=1136
text=1;155;34;SmartCamera&#010;CS244&#010;Eli Bozorgzadeh&#010;;Arial;0.108874,0.834375,0.038889,0.000000;v1,4294967295,4278190080,128.000000,1.000000,0.000000,1.000000,700,0,49152;;
textactive=1
